8.947368421052631637e-02 3.157894736842105365e-02 7.894736842105262720e-02 5.263157894736841987e-03 4.210526315789473589e-02 2.631578947368420907e-02 2.105263157894736795e-02 1.052631578947368397e-02 1.052631578947368397e-02 1.578947368421052683e-02 0.000000000000000000e+00 5.263157894736841987e-03 1.578947368421052683e-02 1.052631578947368397e-02 2.631578947368420907e-02 4.210526315789473589e-02 2.105263157894736795e-02 5.263157894736841813e-02 3.157894736842105365e-02 1.052631578947368397e-02 2.631578947368420907e-02 5.263157894736841987e-03 5.263157894736841813e-02 8.421052631578947179e-02 5.789473684210526272e-02 8.421052631578947179e-02 3.157894736842105365e-02 1.052631578947368397e-02 9.473684210526316096e-02 5.263157894736841987e-03
3.157894736842105365e-02 2.421052631578947401e-01 1.578947368421052683e-02 1.052631578947368397e-02 1.315789473684210453e-01 2.631578947368420907e-02 3.157894736842105365e-02 3.684210526315789130e-02 1.052631578947368397e-02 5.789473684210526272e-02 3.684210526315789130e-02 1.052631578947368397e-02 1.578947368421052683e-02 1.578947368421052683e-02 1.578947368421052683e-02 6.315789473684210731e-02 1.578947368421052683e-02 5.263157894736841987e-03 2.631578947368420907e-02 3.684210526315789130e-02 4.210526315789473589e-02 5.263157894736841987e-03 1.578947368421052683e-02 2.105263157894736795e-02 2.631578947368420907e-02 1.052631578947368397e-02 5.263157894736841987e-03 1.052631578947368397e-02 5.263157894736841987e-03 2.105263157894736795e-02
1.052631578947368397e-02 2.105263157894736795e-02 3.684210526315789130e-02 2.105263157894736795e-02 4.210526315789473589e-02 2.631578947368420907e-02 5.263157894736841813e-02 2.105263157894736795e-02 4.736842105263158048e-02 5.263157894736841813e-02 2.105263157894736795e-02 1.052631578947368397e-02 1.315789473684210453e-01 1.052631578947368397e-02 2.105263157894736795e-02 5.263157894736841987e-03 4.736842105263158048e-02 1.578947368421052683e-02 7.894736842105262720e-02 2.105263157894736795e-02 2.105263157894736795e-02 9.473684210526316096e-02 4.210526315789473589e-02 2.105263157894736795e-02 5.263157894736841987e-03 1.578947368421052683e-02 4.736842105263158048e-02 1.578947368421052683e-02 3.684210526315789130e-02 5.263157894736841987e-03
2.105263157894736795e-02 5.263157894736841987e-03 3.157894736842105365e-02 0.000000000000000000e+00 1.578947368421052683e-02 3.157894736842105365e-02 0.000000000000000000e+00 5.263157894736841987e-03 0.000000000000000000e+00 2.631578947368420907e-02 5.263157894736841987e-03 0.000000000000000000e+00 0.000000000000000000e+00 1.052631578947368397e-02 2.105263157894736795e-02 2.105263157894736795e-02 2.631578947368420907e-02 2.105263157894736795e-02 2.105263157894736795e-02 4.210526315789473589e-02 1.052631578947368397e-02 5.263157894736841987e-03 3.684210526315789130e-02 4.052631578947368252e-01 8.947368421052631637e-02 6.315789473684210731e-02 5.263157894736841987e-03 3.684210526315789130e-02 3.157894736842105365e-02 1.052631578947368397e-02
1.052631578947368397e-02 1.578947368421052683e-02 3.684210526315789130e-02 0.000000000000000000e+00 1.578947368421052683e-02 4.736842105263158048e-02 0.000000000000000000e+00 2.631578947368420907e-02 5.263157894736841987e-03 1.052631578947368397e-02 1.052631578947368397e-02 0.000000000000000000e+00 5.263157894736841987e-03 2.105263157894736795e-02 2.631578947368420907e-02 2.105263157894736795e-02 5.263157894736841987e-03 4.736842105263158048e-02 0.000000000000000000e+00 3.157894736842105365e-02 2.631578947368420907e-02 5.263157894736841987e-03 2.105263157894736795e-02 1.210526315789473700e-01 3.105263157894737058e-01 1.315789473684210453e-01 0.000000000000000000e+00 1.578947368421052683e-02 2.631578947368420907e-02 5.263157894736841987e-03
2.105263157894736795e-02 5.263157894736841987e-03 0.000000000000000000e+00 0.000000000000000000e+00 1.578947368421052683e-02 3.157894736842105365e-02 5.263157894736841987e-03 2.105263157894736795e-02 0.000000000000000000e+00 1.052631578947368397e-02 0.000000000000000000e+00 0.000000000000000000e+00 0.000000000000000000e+00 5.263157894736841987e-03 1.578947368421052683e-02 1.052631578947368397e-02 1.052631578947368397e-02 7.368421052631578261e-02 0.000000000000000000e+00 1.578947368421052683e-02 1.052631578947368397e-02 5.263157894736841987e-03 1.052631578947368397e-02 2.631578947368420907e-02 6.315789473684210731e-02 6.263157894736841591e-01 5.263157894736841987e-03 0.000000000000000000e+00 5.263157894736841987e-03 5.263157894736841987e-03
5.263157894736841987e-03 2.105263157894736795e-02 8.421052631578947179e-02 2.105263157894736795e-02 1.052631578947368397e-02 3.157894736842105365e-02 5.789473684210526272e-02 5.263157894736841987e-03 3.157894736842105365e-02 5.263157894736841987e-03 5.263157894736841987e-03 1.052631578947368397e-02 1.000000000000000056e-01 1.052631578947368397e-02 5.263157894736841987e-03 0.000000000000000000e+00 4.210526315789473589e-02 1.578947368421052683e-02 3.684210526315789130e-02 0.000000000000000000e+00 1.052631578947368397e-02 5.789473684210526272e-02 5.263157894736841987e-03 5.263157894736841987e-03 1.052631578947368397e-02 1.052631578947368397e-02 3.684210526315789269e-01 1.052631578947368397e-02 2.105263157894736795e-02 0.000000000000000000e+00
0.000000000000000000e+00 0.000000000000000000e+00 5.263157894736841987e-03 3.684210526315789130e-02 1.578947368421052683e-02 2.631578947368420907e-02 1.052631578947368397e-02 0.000000000000000000e+00 0.000000000000000000e+00 0.000000000000000000e+00 3.684210526315789130e-02 5.263157894736841987e-03 0.000000000000000000e+00 5.263157894736841987e-03 2.105263157894736795e-02 0.000000000000000000e+00 0.000000000000000000e+00 2.105263157894736795e-02 3.157894736842105365e-02 1.578947368421052683e-02 2.105263157894736795e-02 1.578947368421052683e-02 1.052631578947368397e-02 3.157894736842105365e-02 3.157894736842105365e-02 3.157894736842105365e-02 5.263157894736841987e-03 5.473684210526316152e-01 5.789473684210526272e-02 1.578947368421052683e-02
5.263157894736841813e-02 0.000000000000000000e+00 4.736842105263158048e-02 1.578947368421052683e-02 5.263157894736841987e-03 4.210526315789473589e-02 2.105263157894736795e-02 2.105263157894736795e-02 2.105263157894736795e-02 1.052631578947368397e-02 2.631578947368420907e-02 5.263157894736841987e-03 2.631578947368420907e-02 2.105263157894736795e-02 3.684210526315789130e-02 1.578947368421052683e-02 5.263157894736841813e-02 5.263157894736841987e-03 2.105263157894736795e-02 2.631578947368420907e-02 1.052631578947368397e-02 1.578947368421052683e-02 4.210526315789473589e-02 5.789473684210526272e-02 3.684210526315789130e-02 2.105263157894736795e-02 1.052631578947368397e-02 6.842105263157895190e-02 2.473684210526315708e-01 1.578947368421052683e-02
1.578947368421052683e-02 4.736842105263158048e-02 1.052631578947368397e-02 5.263157894736841987e-03 7.894736842105262720e-02 5.263157894736841987e-03 7.368421052631578261e-02 3.157894736842105365e-02 2.631578947368420907e-02 6.315789473684210731e-02 2.631578947368420907e-02 2.105263157894736795e-02 4.210526315789473589e-02 1.578947368421052683e-02 1.105263157894736809e-01 5.263157894736841813e-02 3.157894736842105365e-02 3.684210526315789130e-02 6.842105263157895190e-02 2.631578947368420907e-02 1.052631578947368397e-02 0.000000000000000000e+00 2.105263157894736795e-02 1.578947368421052683e-02 2.631578947368420907e-02 3.157894736842105365e-02 2.105263157894736795e-02 0.000000000000000000e+00 1.578947368421052683e-02 6.842105263157895190e-02
1.578947368421052683e-02 1.052631578947368397e-02 3.473684210526316041e-01 0.000000000000000000e+00 2.105263157894736795e-02 1.052631578947368397e-02 8.947368421052631637e-02 1.052631578947368397e-02 5.789473684210526272e-02 4.736842105263158048e-02 5.263157894736841987e-03 5.263157894736841987e-03 3.684210526315789130e-02 5.263157894736841987e-03 5.263157894736841987e-03 0.000000000000000000e+00 2.105263157894736795e-02 1.578947368421052683e-02 2.631578947368420907e-02 3.157894736842105365e-02 1.052631578947368397e-02 3.157894736842105365e-02 3.684210526315789130e-02 2.105263157894736795e-02 2.631578947368420907e-02 1.052631578947368397e-02 5.789473684210526272e-02 5.263157894736841987e-03 2.105263157894736795e-02 1.578947368421052683e-02
1.578947368421052683e-02 2.105263157894736795e-02 1.052631578947368397e-02 5.263157894736841813e-02 1.052631578947368397e-02 3.157894736842105365e-02 7.368421052631578261e-02 5.263157894736841987e-03 6.315789473684210731e-02 5.263157894736841987e-03 7.894736842105262720e-02 1.578947368421052683e-02 1.000000000000000056e-01 2.105263157894736795e-02 4.210526315789473589e-02 3.684210526315789130e-02 1.578947368421052683e-02 5.263157894736841987e-03 8.947368421052631637e-02 2.105263157894736795e-02 2.631578947368420907e-02 4.736842105263158048e-02 2.631578947368420907e-02 1.052631578947368397e-02 2.105263157894736795e-02 1.052631578947368397e-02 1.578947368421052683e-02 7.368421052631578261e-02 2.631578947368420907e-02 2.631578947368420907e-02
2.631578947368420907e-02 6.315789473684210731e-02 4.210526315789473589e-02 5.263157894736841987e-03 1.684210526315789436e-01 3.157894736842105365e-02 8.421052631578947179e-02 5.263157894736841813e-02 5.263157894736841987e-03 5.789473684210526272e-02 1.052631578947368397e-02 1.578947368421052683e-02 4.736842105263158048e-02 5.263157894736841987e-03 5.789473684210526272e-02 1.052631578947368397e-02 5.263157894736841987e-03 3.684210526315789130e-02 4.210526315789473589e-02 2.631578947368420907e-02 1.578947368421052683e-02 5.263157894736841987e-03 7.894736842105262720e-02 2.105263157894736795e-02 1.052631578947368397e-02 1.052631578947368397e-02 1.052631578947368397e-02 1.052631578947368397e-02 0.000000000000000000e+00 4.210526315789473589e-02
1.578947368421052683e-02 4.210526315789473589e-02 4.210526315789473589e-02 5.263157894736841987e-03 3.157894736842105365e-02 1.000000000000000056e-01 2.631578947368420907e-02 3.157894736842105365e-02 5.263157894736841987e-03 2.631578947368420907e-02 3.684210526315789130e-02 0.000000000000000000e+00 5.263157894736841813e-02 2.631578947368420907e-02 3.157894736842105365e-02 1.578947368421052683e-02 1.578947368421052683e-02 2.631578947368420907e-02 3.684210526315789130e-02 2.631578947368420907e-02 3.684210526315789130e-02 1.578947368421052683e-02 4.210526315789473589e-02 3.157894736842105365e-02 6.315789473684210731e-02 7.894736842105262720e-02 2.631578947368420907e-02 5.263157894736841813e-02 4.736842105263158048e-02 1.052631578947368397e-02
3.157894736842105365e-02 4.736842105263158048e-02 5.263157894736841987e-03 1.578947368421052683e-02 3.684210526315789130e-02 2.105263157894736795e-02 2.789473684210526105e-01 3.157894736842105365e-02 5.789473684210526272e-02 2.105263157894736795e-02 1.578947368421052683e-02 5.263157894736841987e-03 8.421052631578947179e-02 1.052631578947368397e-02 3.684210526315789130e-02 2.631578947368420907e-02 3.157894736842105365e-02 1.052631578947368397e-02 2.631578947368420907e-02 5.263157894736841987e-03 1.578947368421052683e-02 6.315789473684210731e-02 2.631578947368420907e-02 1.578947368421052683e-02 0.000000000000000000e+00 5.263157894736841987e-03 2.105263157894736795e-02 1.052631578947368397e-02 1.052631578947368397e-02 3.157894736842105365e-02
3.157894736842105365e-02 6.842105263157895190e-02 2.105263157894736795e-02 0.000000000000000000e+00 4.210526315789473589e-02 2.105263157894736795e-02 4.736842105263158048e-02 1.210526315789473700e-01 5.263157894736841987e-03 1.052631578947368363e-01 4.210526315789473589e-02 1.578947368421052683e-02 1.052631578947368397e-02 1.052631578947368397e-02 7.368421052631578261e-02 8.421052631578947179e-02 1.052631578947368397e-02 5.263157894736841813e-02 5.263157894736841987e-03 1.578947368421052683e-02 3.157894736842105365e-02 0.000000000000000000e+00 2.631578947368420907e-02 5.263157894736841987e-03 2.631578947368420907e-02 3.684210526315789130e-02 1.052631578947368397e-02 2.105263157894736795e-02 2.105263157894736795e-02 3.684210526315789130e-02
1.578947368421052683e-02 2.105263157894736795e-02 1.578947368421052683e-02 1.052631578947368397e-02 1.052631578947368397e-02 3.684210526315789130e-02 1.105263157894736809e-01 1.578947368421052683e-02 2.210526315789473617e-01 1.052631578947368397e-02 3.684210526315789130e-02 1.052631578947368397e-02 4.736842105263158048e-02 2.105263157894736795e-02 1.578947368421052683e-02 5.263157894736841987e-03 7.894736842105262720e-02 5.263157894736841987e-03 4.210526315789473589e-02 2.631578947368420907e-02 1.052631578947368397e-02 6.842105263157895190e-02 1.052631578947368397e-02 3.684210526315789130e-02 1.052631578947368397e-02 0.000000000000000000e+00 4.736842105263158048e-02 1.052631578947368397e-02 3.157894736842105365e-02 1.578947368421052683e-02
5.263157894736841987e-03 5.789473684210526272e-02 5.263157894736841987e-03 5.263157894736841987e-03 3.157894736842105365e-02 1.578947368421052683e-02 1.578947368421052683e-02 7.368421052631578261e-02 5.263157894736841987e-03 3.736842105263157854e-01 1.578947368421052683e-02 1.578947368421052683e-02 2.631578947368420907e-02 1.052631578947368397e-02 2.105263157894736795e-02 8.421052631578947179e-02 1.052631578947368397e-02 7.368421052631578261e-02 3.157894736842105365e-02 5.263157894736841987e-03 1.052631578947368397e-02 1.052631578947368397e-02 1.052631578947368397e-02 2.105263157894736795e-02 1.052631578947368397e-02 3.157894736842105365e-02 0.000000000000000000e+00 1.052631578947368397e-02 0.000000000000000000e+00 1.052631578947368397e-02
1.052631578947368397e-02 2.631578947368420907e-02 1.052631578947368397e-02 2.631578947368420907e-02 1.578947368421052683e-02 4.210526315789473589e-02 2.105263157894736795e-02 2.631578947368420907e-02 3.684210526315789130e-02 1.578947368421052683e-02 2.315789473684210509e-01 1.052631578947368397e-02 4.736842105263158048e-02 2.631578947368420907e-02 1.578947368421052683e-02 2.631578947368420907e-02 5.263157894736841987e-03 1.578947368421052683e-02 1.368421052631579038e-01 2.631578947368420907e-02 1.052631578947368397e-02 3.684210526315789130e-02 1.052631578947368397e-02 1.578947368421052683e-02 6.315789473684210731e-02 1.578947368421052683e-02 5.263157894736841987e-03 2.631578947368420907e-02 3.157894736842105365e-02 1.052631578947368397e-02
5.789473684210526272e-02 4.736842105263158048e-02 2.631578947368420907e-02 1.578947368421052683e-02 7.368421052631578261e-02 2.105263157894736795e-02 9.473684210526316096e-02 3.157894736842105365e-02 4.210526315789473589e-02 5.263157894736841813e-02 2.631578947368420907e-02 3.157894736842105365e-02 9.473684210526316096e-02 1.052631578947368397e-02 4.736842105263158048e-02 1.578947368421052683e-02 6.842105263157895190e-02 5.263157894736841987e-03 5.263157894736841813e-02 3.684210526315789130e-02 5.263157894736841987e-03 2.105263157894736795e-02 5.263157894736841987e-03 1.052631578947368397e-02 5.263157894736841987e-03 1.578947368421052683e-02 3.157894736842105365e-02 1.052631578947368397e-02 1.052631578947368397e-02 3.157894736842105365e-02
2.105263157894736795e-02 1.578947368421052683e-02 1.052631578947368397e-02 1.578947368421052683e-02 4.210526315789473589e-02 3.684210526315789130e-02 4.210526315789473589e-02 1.052631578947368397e-02 4.736842105263158048e-02 1.578947368421052683e-02 5.789473684210526272e-02 5.263157894736841987e-03 8.421052631578947179e-02 7.894736842105262720e-02 1.578947368421052683e-02 0.000000000000000000e+00 2.631578947368420907e-02 1.052631578947368397e-02 3.684210526315789130e-02 2.631578947368420907e-02 1.578947368421052683e-02 8.947368421052631637e-02 4.736842105263158048e-02 3.684210526315789130e-02 6.315789473684210731e-02 3.157894736842105365e-02 2.631578947368420907e-02 2.631578947368420907e-02 4.736842105263158048e-02 1.578947368421052683e-02
5.263157894736841987e-03 3.684210526315789130e-02 1.052631578947368397e-02 0.000000000000000000e+00 5.263157894736841813e-02 4.736842105263158048e-02 8.421052631578947179e-02 5.789473684210526272e-02 2.631578947368420907e-02 1.578947368421052683e-02 2.105263157894736795e-02 3.684210526315789130e-02 3.157894736842105365e-02 1.578947368421052683e-02 1.789473684210526327e-01 2.631578947368420907e-02 3.157894736842105365e-02 7.894736842105262720e-02 7.894736842105262720e-02 0.000000000000000000e+00 0.000000000000000000e+00 1.578947368421052683e-02 3.684210526315789130e-02 5.263157894736841987e-03 2.631578947368420907e-02 0.000000000000000000e+00 5.263157894736841987e-03 5.263157894736841987e-03 1.578947368421052683e-02 5.263157894736841813e-02
1.578947368421052683e-02 2.105263157894736795e-02 5.263157894736841987e-03 5.263157894736841987e-03 1.052631578947368397e-02 0.000000000000000000e+00 5.263157894736841987e-03 1.052631578947368397e-02 0.000000000000000000e+00 7.894736842105262720e-02 1.052631578947368397e-02 5.263157894736841987e-03 0.000000000000000000e+00 1.052631578947368397e-02 0.000000000000000000e+00 5.631578947368420796e-01 2.105263157894736795e-02 4.210526315789473589e-02 2.631578947368420907e-02 1.052631578947368397e-02 3.684210526315789130e-02 0.000000000000000000e+00 2.105263157894736795e-02 1.578947368421052683e-02 2.631578947368420907e-02 3.157894736842105365e-02 0.000000000000000000e+00 1.578947368421052683e-02 5.263157894736841987e-03 5.263157894736841987e-03
2.631578947368420907e-02 1.578947368421052683e-02 4.210526315789473589e-02 1.578947368421052683e-02 2.631578947368420907e-02 2.631578947368420907e-02 1.000000000000000056e-01 4.736842105263158048e-02 7.368421052631578261e-02 0.000000000000000000e+00 0.000000000000000000e+00 5.263157894736841987e-03 6.842105263157895190e-02 3.157894736842105365e-02 2.105263157894736795e-02 0.000000000000000000e+00 1.421052631578947345e-01 3.157894736842105365e-02 3.157894736842105365e-02 3.684210526315789130e-02 5.263157894736841987e-03 1.052631578947368397e-02 5.789473684210526272e-02 4.210526315789473589e-02 4.210526315789473589e-02 5.263157894736841987e-03 3.684210526315789130e-02 1.578947368421052683e-02 2.105263157894736795e-02 2.105263157894736795e-02
1.052631578947368397e-02 2.631578947368420907e-02 1.052631578947368397e-02 5.263157894736841987e-03 2.105263157894736795e-02 4.210526315789473589e-02 5.263157894736841987e-03 1.052631578947368397e-02 5.263157894736841987e-03 1.000000000000000056e-01 0.000000000000000000e+00 0.000000000000000000e+00 0.000000000000000000e+00 0.000000000000000000e+00 2.105263157894736795e-02 8.947368421052631637e-02 2.105263157894736795e-02 3.894736842105263053e-01 1.578947368421052683e-02 5.263157894736841987e-03 2.631578947368420907e-02 1.052631578947368397e-02 1.578947368421052683e-02 1.052631578947368397e-02 2.105263157894736795e-02 1.105263157894736809e-01 5.263157894736841987e-03 0.000000000000000000e+00 5.263157894736841987e-03 1.578947368421052683e-02
5.263157894736841987e-03 4.210526315789473589e-02 1.578947368421052683e-02 2.631578947368420907e-02 1.578947368421052683e-02 5.263157894736841987e-03 6.842105263157895190e-02 3.684210526315789130e-02 1.578947368421052683e-02 3.684210526315789130e-02 5.789473684210526272e-02 1.052631578947368397e-02 8.947368421052631637e-02 2.631578947368420907e-02 4.210526315789473589e-02 1.578947368421052683e-02 2.631578947368420907e-02 1.052631578947368397e-02 2.315789473684210509e-01 1.052631578947368397e-02 5.263157894736841987e-03 4.736842105263158048e-02 1.052631578947368397e-02 1.052631578947368397e-02 2.105263157894736795e-02 1.052631578947368397e-02 2.631578947368420907e-02 1.578947368421052683e-02 2.631578947368420907e-02 3.684210526315789130e-02
1.578947368421052683e-02 7.368421052631578261e-02 4.736842105263158048e-02 2.105263157894736795e-02 2.105263157894736795e-02 2.631578947368420907e-02 3.157894736842105365e-02 1.578947368421052683e-02 3.684210526315789130e-02 3.684210526315789130e-02 2.105263157894736795e-02 5.263157894736841987e-03 5.263157894736841987e-03 1.578947368421052683e-02 5.263157894736841987e-03 3.157894736842105365e-02 2.105263157894736795e-02 2.105263157894736795e-02 2.631578947368420907e-02 2.052631578947368418e-01 3.157894736842105365e-02 5.263157894736841987e-03 9.473684210526316096e-02 4.210526315789473589e-02 3.157894736842105365e-02 4.210526315789473589e-02 2.631578947368420907e-02 1.578947368421052683e-02 2.105263157894736795e-02 5.263157894736841987e-03
1.578947368421052683e-02 8.947368421052631637e-02 2.631578947368420907e-02 3.684210526315789130e-02 3.684210526315789130e-02 2.105263157894736795e-02 5.263157894736841987e-03 1.052631578947368397e-02 1.052631578947368397e-02 2.631578947368420907e-02 3.684210526315789130e-02 3.157894736842105365e-02 5.263157894736841987e-03 1.578947368421052683e-02 1.578947368421052683e-02 7.894736842105262720e-02 1.052631578947368397e-02 8.421052631578947179e-02 2.105263157894736795e-02 6.315789473684210731e-02 8.421052631578947179e-02 1.578947368421052683e-02 5.263157894736841987e-03 3.684210526315789130e-02 8.947368421052631637e-02 6.315789473684210731e-02 1.578947368421052683e-02 2.105263157894736795e-02 2.105263157894736795e-02 5.263157894736841987e-03
0.000000000000000000e+00 5.263157894736841987e-03 4.736842105263158048e-02 5.263157894736841987e-03 5.263157894736841987e-03 5.263157894736841987e-03 6.315789473684210731e-02 0.000000000000000000e+00 4.210526315789473589e-02 0.000000000000000000e+00 1.578947368421052683e-02 1.052631578947368397e-02 3.684210526315789130e-02 2.105263157894736795e-02 1.052631578947368397e-02 0.000000000000000000e+00 0.000000000000000000e+00 5.263157894736841987e-03 5.263157894736841987e-03 1.052631578947368397e-02 5.263157894736841987e-03 5.999999999999999778e-01 2.105263157894736795e-02 2.105263157894736795e-02 1.578947368421052683e-02 0.000000000000000000e+00 3.684210526315789130e-02 5.263157894736841987e-03 0.000000000000000000e+00 5.263157894736841987e-03
2.631578947368420907e-02 2.631578947368420907e-02 5.789473684210526272e-02 1.052631578947368397e-02 5.263157894736841813e-02 3.684210526315789130e-02 5.789473684210526272e-02 2.105263157894736795e-02 2.105263157894736795e-02 1.578947368421052683e-02 5.263157894736841987e-03 1.052631578947368397e-02 1.578947368421052683e-02 1.578947368421052683e-02 1.052631578947368397e-02 1.578947368421052683e-02 4.210526315789473589e-02 1.578947368421052683e-02 1.578947368421052683e-02 3.684210526315789130e-02 1.052631578947368397e-02 5.263157894736841987e-03 3.210526315789473673e-01 5.263157894736841813e-02 2.105263157894736795e-02 1.578947368421052683e-02 1.578947368421052683e-02 5.263157894736841987e-03 3.157894736842105365e-02 1.052631578947368397e-02
